7.13267E-05 1.88528E+07 1.88528E+07 2.44999E+07 2.44989E+07 1.88528E+07 1.88528E+07
7.97089E-05 1.88526E+07 1.88526E+07 2.43434E+07 2.43422E+07 1.88526E+07 1.88526E+07
8.90762E-05 1.88524E+07 1.88524E+07 2.41492E+07 2.41477E+07 1.88523E+07 1.88524E+07
9.95444E-05 1.88520E+07 1.88520E+07 2.39087E+07 2.39068E+07 1.88520E+07 1.88520E+07
1.11243E-04 1.88516E+07 1.88516E+07 2.36114E+07 2.36090E+07 1.88515E+07 1.88516E+07
1.24316E-04 1.88511E+07 1.88511E+07 2.32448E+07 2.32419E+07 1.88510E+07 1.88511E+07
1.38925E-04 1.88505E+07 1.88505E+07 2.27943E+07 2.27908E+07 1.88503E+07 1.88505E+07
1.55252E-04 1.88497E+07 1.88497E+07 2.22430E+07 2.22388E+07 1.88495E+07 1.88497E+07
1.73497E-04 1.88487E+07 1.88487E+07 2.15716E+07 2.15665E+07 1.88485E+07 1.88487E+07
1.93886E-04 1.88475E+07 1.88474E+07 2.07592E+07 2.07532E+07 1.88472E+07 1.88474E+07
2.16671E-04 1.88459E+07 1.88459E+07 1.97842E+07 1.97772E+07 1.88456E+07 1.88459E+07
2.42134E-04 1.88440E+07 1.88440E+07 1.86257E+07 1.86177E+07 1.88435E+07 1.88440E+07
2.70590E-04 1.88416E+07 1.88416E+07 1.72669E+07 1.72579E+07 1.88411E+07 1.88416E+07
3.02389E-04 1.88387E+07 1.88387E+07 1.56991E+07 1.56893E+07 1.88380E+07 1.88386E+07
3.37926E-04 1.88351E+07 1.88351E+07 1.39273E+07 1.39170E+07 1.88342E+07 1.88350E+07
3.77638E-04 1.88306E+07 1.88306E+07 1.19781E+07 1.19680E+07 1.88294E+07 1.88305E+07
4.22018E-04 1.88251E+07 1.88250E+07 9.90675E+06 9.89762E+06 1.88236E+07 1.88249E+07
4.71613E-04 1.88183E+07 1.88183E+07 7.80354E+06 7.79636E+06 1.88165E+07 1.88181E+07
5.27037E-04 1.88100E+07 1.88100E+07 5.79310E+06 5.78884E+06 1.88077E+07 1.88097E+07
5.88974E-04 1.87999E+07 1.87998E+07 4.02254E+06 4.02181E+06 1.87971E+07 1.87996E+07
6.58189E-04 1.87876E+07 1.87875E+07 2.63167E+06 2.63423E+06 1.87841E+07 1.87872E+07
7.35539E-04 1.87727E+07 1.87726E+07 1.70547E+06 1.70992E+06 1.87683E+07 1.87722E+07
8.21979E-04 1.87548E+07 1.87547E+07 1.22225E+06 1.22609E+06 1.87493E+07 1.87542E+07
9.18577E-04 1.87333E+07 1.87332E+07 1.03168E+06 1.03238E+06 1.87265E+07 1.87325E+07
1.02653E-03 1.87076E+07 1.87074E+07 9.07743E+05 9.04521E+05 1.86990E+07 1.87066E+07
1.14716E-03 1.86769E+07 1.86767E+07 6.86994E+05 6.81737E+05 1.86662E+07 1.86757E+07
1.28198E-03 1.86403E+07 1.86401E+07 4.00113E+05 3.95191E+05 1.86271E+07 1.86388E+07
1.43263E-03 1.85969E+07 1.85966E+07 2.19351E+05 2.13340E+05 1.85804E+07 1.85951E+07
1.60100E-03 1.85454E+07 1.85451E+07 1.96878E+05 1.85940E+05 1.85249E+07 1.85432E+07
1.78914E-03 1.84845E+07 1.84841E+07 1.64360E+05 1.52340E+05 1.84590E+07 1.84817E+07
1.99940E-03 1.84126E+07 1.84121E+07 6.43567E+04 6.11567E+04 1.83810E+07 1.84091E+07
2.23437E-03 1.83278E+07 1.83272E+07 4.59072E+04 4.61253E+04 1.82886E+07 1.83234E+07
2.49695E-03 1.82280E+07 1.82272E+07 4.03891E+04 3.43585E+04 1.81796E+07 1.82227E+07
2.79039E-03 1.81109E+07 1.81099E+07 1.23303E+04 6.25284E+03 1.80512E+07 1.81043E+07
3.11832E-03 1.79736E+07 1.79724E+07 1.95058E+04 9.99597E+03 1.79002E+07 1.79655E+07
3.48478E-03 1.78132E+07 1.78118E+07 4.21574E+03 -2.37376E+03 1.77233E+07 1.78033E+07
3.89430E-03 1.76263E+07 1.76245E+07 9.96683E+02 -4.71354E+03 1.75166E+07 1.76142E+07
4.35196E-03 1.74092E+07 1.74069E+07 6.26031E+03 -3.94110E+02 1.72759E+07 1.73945E+07
4.40058E-03 1.73857E+07 1.73834E+07 5.53287E+03 1.24118E+03 1.72498E+07 1.73707E+07
4.44975E-03 1.73618E+07 1.73595E+07 4.24310E+03 3.27522E+03 1.72234E+07 1.73465E+07
4.49947E-03 1.73376E+07 1.73352E+07 2.64980E+03 5.58033E+03 1.71965E+07 1.73220E+07
4.54974E-03 1.73130E+07 1.73106E+07 1.07618E+03 7.96868E+03 1.71692E+07 1.72971E+07
4.60058E-03 1.72881E+07 1.72856E+07 -1.60851E+02 1.02457E+04 1.71416E+07 1.72719E+07
4.65198E-03 1.72628E+07 1.72602E+07 0.00000E+00 0.00000E+00 1.71135E+07 1.72463E+07
4.70396E-03 1.72372E+07 1.72345E+07 0.00000E+00 0.00000E+00 1.70850E+07 1.72203E+07
4.75651E-03 1.72112E+07 1.72085E+07 0.00000E+00 0.00000E+00 1.70561E+07 1.71940E+07
4.80966E-03 1.71848E+07 1.71820E+07 0.00000E+00 0.00000E+00 1.70268E+07 1.71673E+07
4.86340E-03 1.71580E+07 1.71552E+07 0.00000E+00 0.00000E+00 1.69971E+07 1.71402E+07
4.91774E-03 1.71308E+07 1.71280E+07 0.00000E+00 0.00000E+00 1.69669E+07 1.71127E+07
4.97268E-03 1.71033E+07 1.71004E+07 0.00000E+00 0.00000E+00 1.69364E+07 1.70848E+07
5.02824E-03 1.70754E+07 1.70724E+07 0.00000E+00 0.00000E+00 1.69053E+07 1.70565E+07
5.08442E-03 1.70471E+07 1.70440E+07 0.00000E+00 0.00000E+00 1.68739E+07 1.70279E+07
5.14123E-03 1.70183E+07 1.70152E+07 0.00000E+00 0.00000E+00 1.68420E+07 1.69988E+07
5.19868E-03 1.69892E+07 1.69860E+07 0.00000E+00 0.00000E+00 1.68096E+07 1.69693E+07
5.25676E-03 1.69597E+07 1.69564E+07 0.00000E+00 0.00000E+00 1.67768E+07 1.69394E+07
5.31550E-03 1.69298E+07 1.69264E+07 0.00000E+00 0.00000E+00 1.67436E+07 1.69091E+07
5.37489E-03 1.68994E+07 1.68960E+07 0.00000E+00 0.00000E+00 1.67099E+07 1.68784E+07
5.43494E-03 1.68686E+07 1.68652E+07 0.00000E+00 0.00000E+00 1.66757E+07 1.68473E+07
5.49566E-03 1.68375E+07 1.68339E+07 0.00000E+00 0.00000E+00 1.66411E+07 1.68157E+07
5.55707E-03 1.68058E+07 1.68022E+07 0.00000E+00 0.00000E+00 1.66060E+07 1.67837E+07
5.61916E-03 1.67738E+07 1.67701E+07 0.00000E+00 0.00000E+00 1.65704E+07 1.67512E+07
5.68194E-03 1.67413E+07 1.67376E+07 0.00000E+00 0.00000E+00 1.65343E+07 1.67184E+07
5.74543E-03 1.67084E+07 1.67046E+07 0.00000E+00 0.00000E+00 1.64978E+07 1.66851E+07
5.80962E-03 1.66751E+07 1.66711E+07 0.00000E+00 0.00000E+00 1.64607E+07 1.66513E+07
5.87453E-03 1.66413E+07 1.66373E+07 0.00000E+00 0.00000E+00 1.64232E+07 1.66171E+07
5.94017E-03 1.66070E+07 1.66029E+07 0.00000E+00 0.00000E+00 1.63852E+07 1.65824E+07
6.00654E-03 1.65724E+07 1.65682E+07 0.00000E+00 0.00000E+00 1.63467E+07 1.65473E+07
6.07365E-03 1.65372E+07 1.65329E+07 0.00000E+00 0.00000E+00 1.63077E+07 1.65117E+07
6.14151E-03 1.65016E+07 1.64972E+07 0.00000E+00 0.00000E+00 1.62681E+07 1.64757E+07
6.21013E-03 1.64655E+07 1.64611E+07 0.00000E+00 0.00000E+00 1.62281E+07 1.64392E+07
6.27952E-03 1.64290E+07 1.64244E+07 0.00000E+00 0.00000E+00 1.61876E+07 1.64022E+07
6.34968E-03 1.63920E+07 1.63874E+07 0.00000E+00 0.00000E+00 1.61465E+07 1.63648E+07
6.42062E-03 1.63545E+07 1.63498E+07 0.00000E+00 0.00000E+00 1.61050E+07 1.63268E+07
6.49236E-03 1.63166E+07 1.63117E+07 0.00000E+00 0.00000E+00 1.60629E+07 1.62884E+07
6.56490E-03 1.62782E+07 1.62732E+07 0.00000E+00 0.00000E+00 1.60203E+07 1.62495E+07
6.63825E-03 1.62393E+07 1.62342E+07 0.00000E+00 0.00000E+00 1.59771E+07 1.62102E+07
6.71242E-03 1.61999E+07 1.61947E+07 0.00000E+00 0.00000E+00 1.59335E+07 1.61703E+07
6.78742E-03 1.61600E+07 1.61547E+07 0.00000E+00 0.00000E+00 1.58893E+07 1.61299E+07
6.86325E-03 1.61197E+07 1.61143E+07 0.00000E+00 0.00000E+00 1.58446E+07 1.60891E+07
6.93994E-03 1.60788E+07 1.60733E+07 0.00000E+00 0.00000E+00 1.57993E+07 1.60477E+07
7.01748E-03 1.60375E+07 1.60319E+07 0.00000E+00 0.00000E+00 1.57535E+07 1.60059E+07
7.09589E-03 1.59956E+07 1.59899E+07 0.00000E+00 0.00000E+00 1.57072E+07 1.59636E+07
7.17517E-03 1.59533E+07 1.59474E+07 0.00000E+00 0.00000E+00 1.56603E+07 1.59207E+07
7.25534E-03 1.59104E+07 1.59045E+07 0.00000E+00 0.00000E+00 1.56129E+07 1.58774E+07
7.33640E-03 1.58671E+07 1.58610E+07 0.00000E+00 0.00000E+00 1.55649E+07 1.58335E+07
7.41837E-03 1.58232E+07 1.58170E+07 0.00000E+00 0.00000E+00 1.55164E+07 1.57891E+07
7.50126E-03 1.57789E+07 1.57725E+07 0.00000E+00 0.00000E+00 1.54673E+07 1.57442E+07
7.58507E-03 1.57340E+07 1.57275E+07 0.00000E+00 0.00000E+00 1.54177E+07 1.56988E+07
7.66982E-03 1.56886E+07 1.56820E+07 0.00000E+00 0.00000E+00 1.53676E+07 1.56529E+07
7.75551E-03 1.56427E+07 1.56360E+07 0.00000E+00 0.00000E+00 1.53169E+07 1.56065E+07
7.84217E-03 1.55963E+07 1.55895E+07 0.00000E+00 0.00000E+00 1.52656E+07 1.55595E+07
7.92979E-03 1.55494E+07 1.55424E+07 0.00000E+00 0.00000E+00 1.52138E+07 1.55121E+07
8.01839E-03 1.55020E+07 1.54948E+07 0.00000E+00 0.00000E+00 1.51614E+07 1.54641E+07
8.10798E-03 1.54540E+07 1.54467E+07 0.00000E+00 0.00000E+00 1.51085E+07 1.54156E+07
8.19857E-03 1.54056E+07 1.53981E+07 0.00000E+00 0.00000E+00 1.50550E+07 1.53665E+07
8.29017E-03 1.53566E+07 1.53490E+07 0.00000E+00 0.00000E+00 1.50010E+07 1.53170E+07
8.38280E-03 1.53071E+07 1.52993E+07 0.00000E+00 0.00000E+00 1.49464E+07 1.52669E+07
8.47646E-03 1.52570E+07 1.52491E+07 0.00000E+00 0.00000E+00 1.48913E+07 1.52163E+07
8.57117E-03 1.52065E+07 1.51984E+07 0.00000E+00 0.00000E+00 1.48356E+07 1.51652E+07
8.66693E-03 1.51554E+07 1.51472E+07 0.00000E+00 0.00000E+00 1.47794E+07 1.51135E+07
8.76377E-03 1.51038E+07 1.50954E+07 0.00000E+00 0.00000E+00 1.47226E+07 1.50613E+07
8.86169E-03 1.50517E+07 1.50431E+07 0.00000E+00 0.00000E+00 1.46652E+07 1.50086E+07
8.96070E-03 1.49991E+07 1.49903E+07 0.00000E+00 0.00000E+00 1.46073E+07 1.49554E+07
9.06082E-03 1.49459E+07 1.49370E+07 0.00000E+00 0.00000E+00 1.45489E+07 1.49016E+07
9.16206E-03 1.48922E+07 1.48832E+07 0.00000E+00 0.00000E+00 1.44899E+07 1.48474E+07
9.26442E-03 1.48381E+07 1.48288E+07 0.00000E+00 0.00000E+00 1.44303E+07 1.47926E+07
9.36794E-03 1.47833E+07 1.47739E+07 0.00000E+00 0.00000E+00 1.43702E+07 1.47372E+07
9.47261E-03 1.47281E+07 1.47184E+07 0.00000E+00 0.00000E+00 1.43096E+07 1.46814E+07
9.57844E-03 1.46723E+07 1.46625E+07 0.00000E+00 0.00000E+00 1.42484E+07 1.46250E+07
9.68546E-03 1.46161E+07 1.46060E+07 0.00000E+00 0.00000E+00 1.41866E+07 1.45681E+07
9.79368E-03 1.45593E+07 1.45491E+07 0.00000E+00 0.00000E+00 1.41244E+07 1.45107E+07
9.90311E-03 1.45020E+07 1.44916E+07 0.00000E+00 0.00000E+00 1.40616E+07 1.44528E+07
1.00138E-02 1.44442E+07 1.44335E+07 0.00000E+00 0.00000E+00 1.39982E+07 1.43943E+07
1.01256E-02 1.43859E+07 1.43750E+07 0.00000E+00 0.00000E+00 1.39343E+07 1.43354E+07
1.02388E-02 1.43270E+07 1.43160E+07 0.00000E+00 0.00000E+00 1.38699E+07 1.42759E+07
1.03532E-02 1.42677E+07 1.42564E+07 0.00000E+00 0.00000E+00 1.38050E+07 1.42159E+07
1.04688E-02 1.42078E+07 1.41963E+07 0.00000E+00 0.00000E+00 1.37395E+07 1.41555E+07
1.05858E-02 1.41475E+07 1.41358E+07 0.00000E+00 0.00000E+00 1.36735E+07 1.40945E+07
1.07041E-02 1.40866E+07 1.40747E+07 0.00000E+00 0.00000E+00 1.36070E+07 1.40330E+07
1.08237E-02 1.40253E+07 1.40131E+07 0.00000E+00 0.00000E+00 1.35400E+07 1.39710E+07
1.09446E-02 1.39634E+07 1.39510E+07 0.00000E+00 0.00000E+00 1.34725E+07 1.39085E+07
1.10669E-02 1.39011E+07 1.38884E+07 0.00000E+00 0.00000E+00 1.34044E+07 1.38455E+07
1.11906E-02 1.38382E+07 1.38253E+07 0.00000E+00 0.00000E+00 1.33359E+07 1.37820E+07
1.13156E-02 1.37749E+07 1.37618E+07 0.00000E+00 0.00000E+00 1.32668E+07 1.37180E+07
1.14420E-02 1.37111E+07 1.36977E+07 0.00000E+00 0.00000E+00 1.31972E+07 1.36535E+07
1.15699E-02 1.36468E+07 1.36331E+07 0.00000E+00 0.00000E+00 1.31272E+07 1.35885E+07
1.16991E-02 1.35820E+07 1.35681E+07 0.00000E+00 0.00000E+00 1.30566E+07 1.35231E+07
1.18299E-02 1.35167E+07 1.35026E+07 0.00000E+00 0.00000E+00 1.29856E+07 1.34572E+07
1.19620E-02 1.34510E+07 1.34366E+07 0.00000E+00 0.00000E+00 1.29141E+07 1.33908E+07
1.20957E-02 1.33848E+07 1.33701E+07 0.00000E+00 0.00000E+00 1.28421E+07 1.33239E+07
1.22308E-02 1.33181E+07 1.33031E+07 0.00000E+00 0.00000E+00 1.27696E+07 1.32566E+07
1.23675E-02 1.32510E+07 1.32357E+07 0.00000E+00 0.00000E+00 1.26967E+07 1.31887E+07
1.25057E-02 1.31834E+07 1.31678E+07 0.00000E+00 0.00000E+00 1.26232E+07 1.31205E+07
1.26454E-02 1.31153E+07 1.30995E+07 0.00000E+00 0.00000E+00 1.25494E+07 1.30517E+07
1.27867E-02 1.30468E+07 1.30307E+07 0.00000E+00 0.00000E+00 1.24750E+07 1.29826E+07
1.29295E-02 1.29779E+07 1.29614E+07 0.00000E+00 0.00000E+00 1.24002E+07 1.29129E+07
1.30740E-02 1.29084E+07 1.28917E+07 0.00000E+00 0.00000E+00 1.23250E+07 1.28428E+07
1.32201E-02 1.28386E+07 1.28215E+07 0.00000E+00 0.00000E+00 1.22493E+07 1.27723E+07
1.33678E-02 1.27683E+07 1.27509E+07 0.00000E+00 0.00000E+00 1.21732E+07 1.27013E+07
1.35172E-02 1.26976E+07 1.26799E+07 0.00000E+00 0.00000E+00 1.20967E+07 1.26299E+07
1.36682E-02 1.26264E+07 1.26084E+07 0.00000E+00 0.00000E+00 1.20197E+07 1.25581E+07
1.38209E-02 1.25548E+07 1.25365E+07 0.00000E+00 0.00000E+00 1.19423E+07 1.24858E+07
1.39753E-02 1.24828E+07 1.24642E+07 0.00000E+00 0.00000E+00 1.18645E+07 1.24132E+07
1.41315E-02 1.24104E+07 1.23914E+07 0.00000E+00 0.00000E+00 1.17863E+07 1.23401E+07
1.42894E-02 1.23376E+07 1.23183E+07 0.00000E+00 0.00000E+00 1.17077E+07 1.22665E+07
1.44490E-02 1.22643E+07 1.22447E+07 0.00000E+00 0.00000E+00 1.16287E+07 1.21926E+07
1.46105E-02 1.21907E+07 1.21707E+07 0.00000E+00 0.00000E+00 1.15493E+07 1.21183E+07
1.47737E-02 1.21166E+07 1.20963E+07 0.00000E+00 0.00000E+00 1.14695E+07 1.20436E+07
1.49388E-02 1.20422E+07 1.20215E+07 0.00000E+00 0.00000E+00 1.13894E+07 1.19685E+07
1.51057E-02 1.19674E+07 1.19463E+07 0.00000E+00 0.00000E+00 1.13088E+07 1.18930E+07
1.52745E-02 1.18922E+07 1.18707E+07 0.00000E+00 0.00000E+00 1.12280E+07 1.18171E+07
1.54451E-02 1.18166E+07 1.17948E+07 0.00000E+00 0.00000E+00 1.11467E+07 1.17408E+07
1.56177E-02 1.17406E+07 1.17184E+07 0.00000E+00 0.00000E+00 1.10651E+07 1.16642E+07
1.57922E-02 1.16643E+07 1.16417E+07 0.00000E+00 0.00000E+00 1.09832E+07 1.15872E+07
1.59686E-02 1.15876E+07 1.15647E+07 0.00000E+00 0.00000E+00 1.09009E+07 1.15099E+07
1.61470E-02 1.15105E+07 1.14872E+07 0.00000E+00 0.00000E+00 1.08183E+07 1.14322E+07
1.63275E-02 1.14331E+07 1.14094E+07 0.00000E+00 0.00000E+00 1.07354E+07 1.13541E+07
1.65099E-02 1.13554E+07 1.13313E+07 0.00000E+00 0.00000E+00 1.06522E+07 1.12757E+07
1.66944E-02 1.12773E+07 1.12528E+07 0.00000E+00 0.00000E+00 1.05687E+07 1.11970E+07
1.68809E-02 1.11989E+07 1.11740E+07 0.00000E+00 0.00000E+00 1.04849E+07 1.11179E+07
1.70695E-02 1.11201E+07 1.10949E+07 0.00000E+00 0.00000E+00 1.04008E+07 1.10386E+07
1.72602E-02 1.10411E+07 1.10154E+07 0.00000E+00 0.00000E+00 1.03164E+07 1.09589E+07
1.74531E-02 1.09617E+07 1.09357E+07 0.00000E+00 0.00000E+00 1.02317E+07 1.08789E+07
1.76481E-02 1.08820E+07 1.08556E+07 0.00000E+00 0.00000E+00 1.01468E+07 1.07986E+07
1.78452E-02 1.08021E+07 1.07752E+07 0.00000E+00 0.00000E+00 1.00617E+07 1.07180E+07
1.80446E-02 1.07218E+07 1.06945E+07 0.00000E+00 0.00000E+00 9.97625E+06 1.06371E+07
1.82463E-02 1.06413E+07 1.06135E+07 0.00000E+00 0.00000E+00 9.89060E+06 1.05559E+07
1.84501E-02 1.05604E+07 1.05323E+07 0.00000E+00 0.00000E+00 9.80473E+06 1.04745E+07
1.86563E-02 1.04793E+07 1.04508E+07 0.00000E+00 0.00000E+00 9.71865E+06 1.03928E+07
1.88647E-02 1.03980E+07 1.03690E+07 0.00000E+00 0.00000E+00 9.63235E+06 1.03108E+07
1.90755E-02 1.03164E+07 1.02870E+07 0.00000E+00 0.00000E+00 9.54586E+06 1.02286E+07
1.92886E-02 1.02345E+07 1.02047E+07 0.00000E+00 0.00000E+00 9.45919E+06 1.01462E+07
1.95041E-02 1.01524E+07 1.01222E+07 0.00000E+00 0.00000E+00 9.37233E+06 1.00635E+07
1.97221E-02 1.00701E+07 1.00394E+07 0.00000E+00 0.00000E+00 9.28531E+06 9.98064E+06
1.99424E-02 9.98758E+06 9.95643E+06 0.00000E+00 0.00000E+00 9.19814E+06 9.89753E+06
2.01652E-02 9.91438E+06 9.88280E+06 0.00000E+00 0.00000E+00 9.11735E+06 9.82345E+06
2.03905E-02 9.83145E+06 9.79944E+06 0.00000E+00 0.00000E+00 9.02979E+06 9.73996E+06
2.06184E-02 9.74834E+06 9.71589E+06 0.00000E+00 0.00000E+00 8.94212E+06 9.65628E+06
2.08487E-02 9.66504E+06 9.63216E+06 0.00000E+00 0.00000E+00 8.85434E+06 9.57244E+06
2.10817E-02 9.58158E+06 9.54826E+06 0.00000E+00 0.00000E+00 8.76647E+06 9.48844E+06
2.13172E-02 9.49797E+06 9.46422E+06 0.00000E+00 0.00000E+00 8.67852E+06 9.40429E+06
2.15554E-02 9.41421E+06 9.38002E+06 0.00000E+00 0.00000E+00 8.59052E+06 9.32001E+06
2.17962E-02 9.33032E+06 9.29570E+06 0.00000E+00 0.00000E+00 8.50246E+06 9.23561E+06
2.20398E-02 9.24632E+06 9.21126E+06 0.00000E+00 0.00000E+00 8.41437E+06 9.15110E+06
2.22860E-02 9.16220E+06 9.12672E+06 0.00000E+00 0.00000E+00 8.32626E+06 9.06648E+06
2.25350E-02 9.07800E+06 9.04209E+06 0.00000E+00 0.00000E+00 8.23816E+06 8.98179E+06
2.27868E-02 8.99371E+06 8.95738E+06 0.00000E+00 0.00000E+00 8.15007E+06 8.89703E+06
2.30414E-02 8.90936E+06 8.87260E+06 0.00000E+00 0.00000E+00 8.06201E+06 8.81222E+06
2.32989E-02 8.82496E+06 8.78779E+06 0.00000E+00 0.00000E+00 7.97401E+06 8.72737E+06
2.35592E-02 8.74053E+06 8.70294E+06 0.00000E+00 0.00000E+00 7.88607E+06 8.64249E+06
2.38224E-02 8.65607E+06 8.61807E+06 0.00000E+00 0.00000E+00 7.79822E+06 8.55761E+06
2.40886E-02 8.57162E+06 8.53321E+06 0.00000E+00 0.00000E+00 7.71048E+06 8.47274E+06
2.43577E-02 8.48718E+06 8.44837E+06 0.00000E+00 0.00000E+00 7.62285E+06 8.38790E+06
2.46299E-02 8.40277E+06 8.36357E+06 0.00000E+00 0.00000E+00 7.53537E+06 8.30310E+06
2.49051E-02 8.31841E+06 8.27882E+06 0.00000E+00 0.00000E+00 7.44805E+06 8.21836E+06
2.51833E-02 8.23412E+06 8.19415E+06 0.00000E+00 0.00000E+00 7.36091E+06 8.13370E+06
2.54647E-02 8.14992E+06 8.10957E+06 0.00000E+00 0.00000E+00 7.27397E+06 8.04915E+06
2.57492E-02 8.06582E+06 8.02510E+06 0.00000E+00 0.00000E+00 7.18724E+06 7.96471E+06
2.60369E-02 7.97437E+06 7.93329E+06 0.00000E+00 0.00000E+00 7.09401E+06 7.87302E+06
2.63278E-02 7.89040E+06 7.84897E+06 0.00000E+00 0.00000E+00 7.00767E+06 7.78874E+06
2.66220E-02 7.80659E+06 7.76482E+06 0.00000E+00 0.00000E+00 6.92160E+06 7.70463E+06
2.69194E-02 7.72296E+06 7.68086E+06 0.00000E+00 0.00000E+00 6.83582E+06 7.62072E+06
2.72202E-02 7.63954E+06 7.59712E+06 0.00000E+00 0.00000E+00 6.75035E+06 7.53703E+06
2.75243E-02 7.55634E+06 7.51361E+06 0.00000E+00 0.00000E+00 6.66521E+06 7.45357E+06
2.78319E-02 7.47338E+06 7.43035E+06 0.00000E+00 0.00000E+00 6.58042E+06 7.37037E+06
2.81428E-02 7.39069E+06 7.34738E+06 0.00000E+00 0.00000E+00 6.49600E+06 7.28745E+06
2.84573E-02 7.30828E+06 7.26470E+06 0.00000E+00 0.00000E+00 6.41196E+06 7.20483E+06
2.87752E-02 7.22618E+06 7.18234E+06 0.00000E+00 0.00000E+00 6.32833E+06 7.12252E+06
2.90967E-02 7.14441E+06 7.10032E+06 0.00000E+00 0.00000E+00 6.24512E+06 7.04056E+06
2.94218E-02 7.06298E+06 7.01866E+06 0.00000E+00 0.00000E+00 6.16236E+06 6.95896E+06
2.97506E-02 6.98193E+06 6.93739E+06 0.00000E+00 0.00000E+00 6.08006E+06 6.87773E+06
3.00830E-02 6.90127E+06 6.85653E+06 0.00000E+00 0.00000E+00 5.99826E+06 6.79692E+06
3.04191E-02 6.82102E+06 6.77610E+06 0.00000E+00 0.00000E+00 5.91696E+06 6.71653E+06
3.07590E-02 6.74120E+06 6.69612E+06 0.00000E+00 0.00000E+00 5.83619E+06 6.63659E+06
3.11026E-02 6.66185E+06 6.61662E+06 0.00000E+00 0.00000E+00 5.75597E+06 6.55712E+06
3.14502E-02 6.58297E+06 6.53762E+06 0.00000E+00 0.00000E+00 5.67632E+06 6.47814E+06
3.18016E-02 6.50842E+06 6.46295E+06 0.00000E+00 0.00000E+00 5.60057E+06 6.40344E+06
3.21569E-02 6.43067E+06 6.38512E+06 0.00000E+00 0.00000E+00 5.52222E+06 6.32561E+06
3.25162E-02 6.35348E+06 6.30786E+06 0.00000E+00 0.00000E+00 5.44451E+06 6.24836E+06
3.28795E-02 6.27686E+06 6.23120E+06 0.00000E+00 0.00000E+00 5.36747E+06 6.17168E+06
3.32468E-02 6.20084E+06 6.15515E+06 0.00000E+00 0.00000E+00 5.29111E+06 6.09562E+06
3.36183E-02 6.12544E+06 6.07975E+06 0.00000E+00 0.00000E+00 5.21545E+06 6.02019E+06
3.39939E-02 6.05068E+06 6.00501E+06 0.00000E+00 0.00000E+00 5.14053E+06 5.94542E+06
3.43737E-02 5.97659E+06 5.93097E+06 0.00000E+00 0.00000E+00 5.06635E+06 5.87133E+06
3.47578E-02 5.90320E+06 5.85764E+06 0.00000E+00 0.00000E+00 4.99294E+06 5.79794E+06
3.51462E-02 5.83051E+06 5.78505E+06 0.00000E+00 0.00000E+00 4.92032E+06 5.72528E+06
3.55388E-02 5.75857E+06 5.71322E+06 0.00000E+00 0.00000E+00 4.84851E+06 5.65337E+06
3.59359E-02 5.68738E+06 5.64218E+06 0.00000E+00 0.00000E+00 4.77752E+06 5.58222E+06
3.63374E-02 5.61697E+06 5.57193E+06 0.00000E+00 0.00000E+00 4.70736E+06 5.51186E+06
3.67434E-02 5.54735E+06 5.50251E+06 0.00000E+00 0.00000E+00 4.63806E+06 5.44231E+06
3.71540E-02 5.47856E+06 5.43394E+06 0.00000E+00 0.00000E+00 4.56963E+06 5.37359E+06
3.75691E-02 5.40856E+06 5.36418E+06 0.00000E+00 0.00000E+00 4.50035E+06 5.30370E+06
3.79889E-02 5.34141E+06 5.29731E+06 0.00000E+00 0.00000E+00 4.43365E+06 5.23664E+06
3.84133E-02 5.27515E+06 5.23135E+06 0.00000E+00 0.00000E+00 4.36788E+06 5.17048E+06
3.88425E-02 5.20980E+06 5.16633E+06 0.00000E+00 0.00000E+00 4.30305E+06 5.10523E+06
3.92765E-02 5.14537E+06 5.10226E+06 0.00000E+00 0.00000E+00 4.23916E+06 5.04092E+06
3.97153E-02 5.08189E+06 5.03916E+06 0.00000E+00 0.00000E+00 4.17622E+06 4.97755E+06
4.01591E-02 5.01936E+06 4.97704E+06 0.00000E+00 0.00000E+00 4.11424E+06 4.91514E+06
4.06078E-02 4.95778E+06 4.91590E+06 0.00000E+00 0.00000E+00 4.05323E+06 4.85369E+06
4.10615E-02 4.89718E+06 4.85576E+06 0.00000E+00 0.00000E+00 3.99318E+06 4.79322E+06
4.15203E-02 4.83755E+06 4.79662E+06 0.00000E+00 0.00000E+00 3.93411E+06 4.73372E+06
4.19842E-02 4.77891E+06 4.73849E+06 0.00000E+00 0.00000E+00 3.87601E+06 4.67521E+06
4.24533E-02 4.72125E+06 4.68138E+06 0.00000E+00 0.00000E+00 3.81888E+06 4.61770E+06
4.29276E-02 4.66461E+06 4.62530E+06 0.00000E+00 0.00000E+00 3.76274E+06 4.56119E+06
4.34072E-02 4.61016E+06 4.57145E+06 0.00000E+00 0.00000E+00 3.70855E+06 4.50686E+06
4.38922E-02 4.55559E+06 4.51749E+06 0.00000E+00 0.00000E+00 3.65442E+06 4.45243E+06
4.43826E-02 4.50204E+06 4.46458E+06 0.00000E+00 0.00000E+00 3.60126E+06 4.39901E+06
4.48785E-02 4.44950E+06 4.41270E+06 0.00000E+00 0.00000E+00 3.54908E+06 4.34661E+06
4.53800E-02 4.39796E+06 4.36184E+06 0.00000E+00 0.00000E+00 3.49786E+06 4.29521E+06
4.58870E-02 4.34742E+06 4.31200E+06 0.00000E+00 0.00000E+00 3.44759E+06 4.24480E+06
4.63997E-02 4.29785E+06 4.26315E+06 0.00000E+00 0.00000E+00 3.39825E+06 4.19536E+06
4.69181E-02 4.24925E+06 4.21528E+06 0.00000E+00 0.00000E+00 3.34984E+06 4.14689E+06
4.74423E-02 4.20159E+06 4.16837E+06 0.00000E+00 0.00000E+00 3.30232E+06 4.09935E+06
4.79724E-02 4.15486E+06 4.12241E+06 0.00000E+00 0.00000E+00 3.25569E+06 4.05275E+06
4.85084E-02 4.10904E+06 4.07738E+06 0.00000E+00 0.00000E+00 3.20993E+06 4.00705E+06
4.90504E-02 4.06340E+06 4.03253E+06 0.00000E+00 0.00000E+00 3.16446E+06 3.96155E+06
4.95984E-02 4.01931E+06 3.98924E+06 0.00000E+00 0.00000E+00 3.12035E+06 3.91758E+06
5.01526E-02 3.97608E+06 3.94682E+06 0.00000E+00 0.00000E+00 3.07705E+06 3.87446E+06
5.07130E-02 3.93367E+06 3.90523E+06 0.00000E+00 0.00000E+00 3.03453E+06 3.83216E+06
5.12796E-02 3.89206E+06 3.86444E+06 0.00000E+00 0.00000E+00 2.99277E+06 3.79066E+06
5.18525E-02 3.85122E+06 3.82441E+06 0.00000E+00 0.00000E+00 2.95173E+06 3.74991E+06
5.24319E-02 3.81109E+06 3.78510E+06 0.00000E+00 0.00000E+00 2.91138E+06 3.70988E+06
5.30177E-02 3.77165E+06 3.74648E+06 0.00000E+00 0.00000E+00 2.87169E+06 3.67053E+06
5.36101E-02 3.73285E+06 3.70849E+06 0.00000E+00 0.00000E+00 2.83262E+06 3.63182E+06
5.42091E-02 3.69465E+06 3.67110E+06 0.00000E+00 0.00000E+00 2.79414E+06 3.59371E+06
5.48148E-02 3.65746E+06 3.63471E+06 0.00000E+00 0.00000E+00 2.75655E+06 3.55660E+06
5.54272E-02 3.62036E+06 3.59840E+06 0.00000E+00 0.00000E+00 2.71916E+06 3.51959E+06
5.63078E-02 3.56854E+06 3.54766E+06 0.00000E+00 0.00000E+00 2.66695E+06 3.46788E+06
5.71884E-02 3.51976E+06 3.49992E+06 0.00000E+00 0.00000E+00 2.61749E+06 3.41919E+06
5.80689E-02 3.47094E+06 3.45208E+06 0.00000E+00 0.00000E+00 2.56843E+06 3.37049E+06
5.89495E-02 3.42334E+06 3.40540E+06 0.00000E+00 0.00000E+00 2.52072E+06 3.32301E+06
5.98301E-02 3.37679E+06 3.35972E+06 0.00000E+00 0.00000E+00 2.47421E+06 3.27660E+06
6.07107E-02 3.33085E+06 3.31457E+06 0.00000E+00 0.00000E+00 2.42855E+06 3.23080E+06
6.15912E-02 3.28596E+06 3.27042E+06 0.00000E+00 0.00000E+00 2.38406E+06 3.18607E+06
6.24718E-02 3.24172E+06 3.22684E+06 0.00000E+00 0.00000E+00 2.34043E+06 3.14199E+06
6.33524E-02 3.19802E+06 3.18373E+06 0.00000E+00 0.00000E+00 2.29757E+06 3.09847E+06
6.42330E-02 3.15476E+06 3.14099E+06 0.00000E+00 0.00000E+00 2.25540E+06 3.05540E+06
6.51136E-02 3.11185E+06 3.09854E+06 0.00000E+00 0.00000E+00 2.21385E+06 3.01271E+06
6.59941E-02 3.06921E+06 3.05630E+06 0.00000E+00 0.00000E+00 2.17287E+06 2.97031E+06
6.68747E-02 3.02703E+06 3.01444E+06 0.00000E+00 0.00000E+00 2.13256E+06 2.92838E+06
6.77553E-02 2.98483E+06 2.97250E+06 0.00000E+00 0.00000E+00 2.09259E+06 2.88646E+06
6.86359E-02 2.94277E+06 2.93064E+06 0.00000E+00 0.00000E+00 2.05308E+06 2.84471E+06
6.95164E-02 2.90084E+06 2.88885E+06 0.00000E+00 0.00000E+00 2.01401E+06 2.80310E+06
7.03970E-02 2.85901E+06 2.84711E+06 0.00000E+00 0.00000E+00 1.97535E+06 2.76164E+06
7.12776E-02 2.81730E+06 2.80543E+06 0.00000E+00 0.00000E+00 1.93711E+06 2.72030E+06
7.21582E-02 2.77554E+06 2.76365E+06 0.00000E+00 0.00000E+00 1.89919E+06 2.67895E+06
7.30387E-02 2.73404E+06 2.72209E+06 0.00000E+00 0.00000E+00 1.86177E+06 2.63789E+06
7.39193E-02 2.69269E+06 2.68064E+06 0.00000E+00 0.00000E+00 1.82479E+06 2.59699E+06
7.47999E-02 2.65152E+06 2.63933E+06 0.00000E+00 0.00000E+00 1.78825E+06 2.55630E+06
7.56805E-02 2.61055E+06 2.59820E+06 0.00000E+00 0.00000E+00 1.75218E+06 2.51584E+06
7.65610E-02 2.56983E+06 2.55728E+06 0.00000E+00 0.00000E+00 1.71658E+06 2.47564E+06
7.74416E-02 2.52938E+06 2.51662E+06 0.00000E+00 0.00000E+00 1.68149E+06 2.43574E+06
7.83222E-02 2.48938E+06 2.47638E+06 0.00000E+00 0.00000E+00 1.64699E+06 2.39630E+06
7.92028E-02 2.44965E+06 2.43640E+06 0.00000E+00 0.00000E+00 1.61298E+06 2.35715E+06
8.00833E-02 2.41035E+06 2.39684E+06 0.00000E+00 0.00000E+00 1.57956E+06 2.31846E+06
8.09639E-02 2.37155E+06 2.35777E+06 0.00000E+00 0.00000E+00 1.54675E+06 2.28026E+06
8.18445E-02 2.33328E+06 2.31924E+06 0.00000E+00 0.00000E+00 1.51459E+06 2.24261E+06
8.27251E-02 2.29560E+06 2.28129E+06 0.00000E+00 0.00000E+00 1.48308E+06 2.20556E+06
8.36057E-02 2.25847E+06 2.24391E+06 0.00000E+00 0.00000E+00 1.45222E+06 2.16907E+06
8.44862E-02 2.22208E+06 2.20728E+06 0.00000E+00 0.00000E+00 1.42210E+06 2.13333E+06
8.53668E-02 2.18642E+06 2.17139E+06 0.00000E+00 0.00000E+00 1.39271E+06 2.09831E+06
8.62474E-02 2.15154E+06 2.13629E+06 0.00000E+00 0.00000E+00 1.36406E+06 2.06407E+06
8.71280E-02 2.11747E+06 2.10203E+06 0.00000E+00 0.00000E+00 1.33619E+06 2.03064E+06
8.80085E-02 2.08425E+06 2.06865E+06 0.00000E+00 0.00000E+00 1.30910E+06 1.99807E+06
8.88891E-02 2.05193E+06 2.03618E+06 0.00000E+00 0.00000E+00 1.28281E+06 1.96637E+06
8.97697E-02 2.02058E+06 2.00471E+06 0.00000E+00 0.00000E+00 1.25736E+06 1.93565E+06
9.06503E-02 1.99012E+06 1.97416E+06 0.00000E+00 0.00000E+00 1.23268E+06 1.90579E+06
9.15308E-02 1.96062E+06 1.94459E+06 0.00000E+00 0.00000E+00 1.20881E+06 1.87689E+06
9.24114E-02 1.93209E+06 1.91603E+06 0.00000E+00 0.00000E+00 1.18575E+06 1.84895E+06
9.32920E-02 1.90455E+06 1.88849E+06 0.00000E+00 0.00000E+00 1.16349E+06 1.82198E+06
9.41726E-02 1.87800E+06 1.86197E+06 0.00000E+00 0.00000E+00 1.14203E+06 1.79599E+06
9.50531E-02 1.85240E+06 1.83643E+06 0.00000E+00 0.00000E+00 1.12133E+06 1.77093E+06
9.59337E-02 1.82782E+06 1.81195E+06 0.00000E+00 0.00000E+00 1.10143E+06 1.74687E+06
9.68143E-02 1.80422E+06 1.78847E+06 0.00000E+00 0.00000E+00 1.08229E+06 1.72377E+06
9.76949E-02 1.78158E+06 1.76598E+06 0.00000E+00 0.00000E+00 1.06388E+06 1.70161E+06
9.85755E-02 1.75989E+06 1.74447E+06 0.00000E+00 0.00000E+00 1.04620E+06 1.68038E+06
9.94560E-02 1.73912E+06 1.72391E+06 0.00000E+00 0.00000E+00 1.02922E+06 1.66005E+06
1.00337E-01 1.71924E+06 1.70427E+06 0.00000E+00 0.00000E+00 1.01291E+06 1.64060E+06
1.01217E-01 1.70027E+06 1.68556E+06 0.00000E+00 0.00000E+00 9.97263E+05 1.62202E+06
1.02098E-01 1.68210E+06 1.66766E+06 0.00000E+00 0.00000E+00 9.82219E+05 1.60423E+06
1.02978E-01 1.66472E+06 1.65058E+06 0.00000E+00 0.00000E+00 9.67765E+05 1.58721E+06
1.03859E-01 1.64810E+06 1.63428E+06 0.00000E+00 0.00000E+00 9.53869E+05 1.57093E+06
1.04739E-01 1.63219E+06 1.61870E+06 0.00000E+00 0.00000E+00 9.40501E+05 1.55535E+06
1.05620E-01 1.61695E+06 1.60380E+06 0.00000E+00 0.00000E+00 9.27627E+05 1.54041E+06
1.06501E-01 1.60230E+06 1.58951E+06 0.00000E+00 0.00000E+00 9.15200E+05 1.52606E+06
1.07381E-01 1.58826E+06 1.57583E+06 0.00000E+00 0.00000E+00 9.03218E+05 1.51229E+06
1.08262E-01 1.57475E+06 1.56269E+06 0.00000E+00 0.00000E+00 8.91633E+05 1.49904E+06
1.09142E-01 1.56172E+06 1.55003E+06 0.00000E+00 0.00000E+00 8.80415E+05 1.48627E+06
1.10023E-01 1.54912E+06 1.53781E+06 0.00000E+00 0.00000E+00 8.69531E+05 1.47391E+06
1.10904E-01 1.53691E+06 1.52597E+06 0.00000E+00 0.00000E+00 8.58949E+05 1.46193E+06
1.11784E-01 1.52504E+06 1.51446E+06 0.00000E+00 0.00000E+00 8.48637E+05 1.45028E+06
1.12665E-01 1.51347E+06 1.50326E+06 0.00000E+00 0.00000E+00 8.38579E+05 1.43893E+06
1.13545E-01 1.50213E+06 1.49227E+06 0.00000E+00 0.00000E+00 8.28724E+05 1.42780E+06
1.14426E-01 1.49099E+06 1.48148E+06 0.00000E+00 0.00000E+00 8.19058E+05 1.41688E+06
1.15306E-01 1.48002E+06 1.47084E+06 0.00000E+00 0.00000E+00 8.09557E+05 1.40611E+06
1.16187E-01 1.46917E+06 1.46031E+06 0.00000E+00 0.00000E+00 8.00196E+05 1.39547E+06
1.17068E-01 1.45840E+06 1.44985E+06 0.00000E+00 0.00000E+00 7.90953E+05 1.38492E+06
1.17948E-01 1.44769E+06 1.43942E+06 0.00000E+00 0.00000E+00 7.81807E+05 1.37441E+06
1.18829E-01 1.43696E+06 1.42896E+06 0.00000E+00 0.00000E+00 7.72728E+05 1.36391E+06
1.19709E-01 1.42625E+06 1.41850E+06 0.00000E+00 0.00000E+00 7.63720E+05 1.35341E+06
1.20590E-01 1.41549E+06 1.40797E+06 0.00000E+00 0.00000E+00 7.54761E+05 1.34288E+06
1.21470E-01 1.40468E+06 1.39737E+06 0.00000E+00 0.00000E+00 7.45837E+05 1.33230E+06
1.22351E-01 1.39378E+06 1.38666E+06 0.00000E+00 0.00000E+00 7.36939E+05 1.32165E+06
1.23232E-01 1.38278E+06 1.37584E+06 0.00000E+00 0.00000E+00 7.28055E+05 1.31091E+06
1.24112E-01 1.37168E+06 1.36489E+06 0.00000E+00 0.00000E+00 7.19183E+05 1.30007E+06
1.24993E-01 1.36045E+06 1.35378E+06 0.00000E+00 0.00000E+00 7.10310E+05 1.28912E+06
1.25873E-01 1.34909E+06 1.34253E+06 0.00000E+00 0.00000E+00 7.01436E+05 1.27804E+06
1.26754E-01 1.33760E+06 1.33112E+06 0.00000E+00 0.00000E+00 6.92560E+05 1.26684E+06
1.27634E-01 1.32597E+06 1.31956E+06 0.00000E+00 0.00000E+00 6.83681E+05 1.25552E+06
1.28515E-01 1.31420E+06 1.30784E+06 0.00000E+00 0.00000E+00 6.74799E+05 1.24407E+06
1.29396E-01 1.30231E+06 1.29597E+06 0.00000E+00 0.00000E+00 6.65917E+05 1.23251E+06
1.30276E-01 1.29028E+06 1.28396E+06 0.00000E+00 0.00000E+00 6.57035E+05 1.22082E+06
1.31157E-01 1.27814E+06 1.27181E+06 0.00000E+00 0.00000E+00 6.48163E+05 1.20904E+06
1.32037E-01 1.26590E+06 1.25955E+06 0.00000E+00 0.00000E+00 6.39304E+05 1.19716E+06
1.32918E-01 1.25356E+06 1.24718E+06 0.00000E+00 0.00000E+00 6.30466E+05 1.18520E+06
1.33798E-01 1.24115E+06 1.23472E+06 0.00000E+00 0.00000E+00 6.21657E+05 1.17317E+06
1.34679E-01 1.22868E+06 1.22219E+06 0.00000E+00 0.00000E+00 6.12886E+05 1.16109E+06
1.35560E-01 1.21618E+06 1.20962E+06 0.00000E+00 0.00000E+00 6.04160E+05 1.14898E+06
1.36440E-01 1.20364E+06 1.19700E+06 0.00000E+00 0.00000E+00 5.95488E+05 1.13685E+06
1.37321E-01 1.19111E+06 1.18438E+06 0.00000E+00 0.00000E+00 5.86880E+05 1.12473E+06
1.38201E-01 1.17859E+06 1.17177E+06 0.00000E+00 0.00000E+00 5.78345E+05 1.11263E+06
1.39082E-01 1.16610E+06 1.15920E+06 0.00000E+00 0.00000E+00 5.69893E+05 1.10057E+06
1.39963E-01 1.15368E+06 1.14668E+06 0.00000E+00 0.00000E+00 5.61533E+05 1.08857E+06
1.40843E-01 1.14134E+06 1.13423E+06 0.00000E+00 0.00000E+00 5.53276E+05 1.07665E+06
1.41724E-01 1.12910E+06 1.12189E+06 0.00000E+00 0.00000E+00 5.45130E+05 1.06484E+06
1.42604E-01 1.11698E+06 1.10968E+06 0.00000E+00 0.00000E+00 5.37105E+05 1.05315E+06
1.43485E-01 1.10500E+06 1.09761E+06 0.00000E+00 0.00000E+00 5.29209E+05 1.04161E+06
1.44365E-01 1.09319E+06 1.08571E+06 0.00000E+00 0.00000E+00 5.21450E+05 1.03022E+06
1.45246E-01 1.08156E+06 1.07399E+06 0.00000E+00 0.00000E+00 5.13836E+05 1.01901E+06
1.46127E-01 1.07013E+06 1.06248E+06 0.00000E+00 0.00000E+00 5.06373E+05 1.00799E+06
1.47007E-01 1.05891E+06 1.05119E+06 0.00000E+00 0.00000E+00 4.99067E+05 9.97187E+05
1.47888E-01 1.04792E+06 1.04014E+06 0.00000E+00 0.00000E+00 4.91923E+05 9.86604E+05
1.48768E-01 1.03717E+06 1.02934E+06 0.00000E+00 0.00000E+00 4.84948E+05 9.76258E+05
1.49649E-01 1.02668E+06 1.01880E+06 0.00000E+00 0.00000E+00 4.78144E+05 9.66160E+05
1.50529E-01 1.01646E+06 1.00854E+06 0.00000E+00 0.00000E+00 4.71514E+05 9.56320E+05
1.51410E-01 1.00651E+06 9.98566E+05 0.00000E+00 0.00000E+00 4.65062E+05 9.46746E+05
1.52291E-01 9.96843E+05 9.88884E+05 0.00000E+00 0.00000E+00 4.58787E+05 9.37444E+05
1.53171E-01 9.87464E+05 9.79501E+05 0.00000E+00 0.00000E+00 4.52691E+05 9.28419E+05
1.54052E-01 9.78376E+05 9.70422E+05 0.00000E+00 0.00000E+00 4.46773E+05 9.19676E+05
1.54932E-01 9.69583E+05 9.61647E+05 0.00000E+00 0.00000E+00 4.41034E+05 9.11216E+05
1.55813E-01 9.61084E+05 9.53178E+05 0.00000E+00 0.00000E+00 4.35470E+05 9.03039E+05
1.56693E-01 9.52877E+05 9.45012E+05 0.00000E+00 0.00000E+00 4.30080E+05 8.95143E+05
1.57574E-01 9.44959E+05 9.37146E+05 0.00000E+00 0.00000E+00 4.24859E+05 8.87524E+05
1.58455E-01 9.37326E+05 9.29574E+05 0.00000E+00 0.00000E+00 4.19804E+05 8.80179E+05
1.59335E-01 9.29971E+05 9.22291E+05 0.00000E+00 0.00000E+00 4.14911E+05 8.73101E+05
1.60216E-01 9.22888E+05 9.15290E+05 0.00000E+00 0.00000E+00 4.10174E+05 8.66284E+05
1.61096E-01 9.16069E+05 9.08561E+05 0.00000E+00 0.00000E+00 4.05588E+05 8.59720E+05
1.61977E-01 9.09504E+05 9.02095E+05 0.00000E+00 0.00000E+00 4.01147E+05 8.53400E+05
1.62858E-01 9.03183E+05 8.95880E+05 0.00000E+00 0.00000E+00 3.96845E+05 8.47313E+05
1.63738E-01 8.97092E+05 8.89902E+05 0.00000E+00 0.00000E+00 3.92675E+05 8.41446E+05
1.64619E-01 8.91218E+05 8.84147E+05 0.00000E+00 0.00000E+00 3.88629E+05 8.35788E+05
1.65499E-01 8.85547E+05 8.78601E+05 0.00000E+00 0.00000E+00 3.84700E+05 8.30324E+05
1.66380E-01 8.80066E+05 8.73248E+05 0.00000E+00 0.00000E+00 3.80881E+05 8.25042E+05
1.67260E-01 8.74760E+05 8.68075E+05 0.00000E+00 0.00000E+00 3.77164E+05 8.19928E+05
1.68141E-01 8.69614E+05 8.63065E+05 0.00000E+00 0.00000E+00 3.73542E+05 8.14967E+05
1.69022E-01 8.64614E+05 8.58202E+05 0.00000E+00 0.00000E+00 3.70007E+05 8.10146E+05
1.69902E-01 8.59744E+05 8.53470E+05 0.00000E+00 0.00000E+00 3.66552E+05 8.05449E+05
1.70783E-01 8.54987E+05 8.48851E+05 0.00000E+00 0.00000E+00 3.63169E+05 8.00861E+05
1.71663E-01 8.50328E+05 8.44331E+05 0.00000E+00 0.00000E+00 3.59850E+05 7.96368E+05
1.72544E-01 8.45752E+05 8.39892E+05 0.00000E+00 0.00000E+00 3.56589E+05 7.91955E+05
1.73424E-01 8.41246E+05 8.35519E+05 0.00000E+00 0.00000E+00 3.53378E+05 7.87608E+05
1.74305E-01 8.36793E+05 8.31198E+05 0.00000E+00 0.00000E+00 3.50212E+05 7.83314E+05
1.75186E-01 8.32380E+05 8.26914E+05 0.00000E+00 0.00000E+00 3.47084E+05 7.79060E+05
1.76066E-01 8.27995E+05 8.22652E+05 0.00000E+00 0.00000E+00 3.43987E+05 7.74833E+05
1.76947E-01 8.23625E+05 8.18401E+05 0.00000E+00 0.00000E+00 3.40917E+05 7.70621E+05
1.77827E-01 8.19258E+05 8.14148E+05 0.00000E+00 0.00000E+00 3.37869E+05 7.66413E+05
1.78708E-01 8.14884E+05 8.09882E+05 0.00000E+00 0.00000E+00 3.34838E+05 7.62200E+05
1.79588E-01 8.10492E+05 8.05592E+05 0.00000E+00 0.00000E+00 3.31820E+05 7.57973E+05
1.80469E-01 8.06075E+05 8.01270E+05 0.00000E+00 0.00000E+00 3.28810E+05 7.53722E+05
1.81350E-01 8.01624E+05 7.96908E+05 0.00000E+00 0.00000E+00 3.25807E+05 7.49440E+05
1.82230E-01 7.97132E+05 7.92497E+05 0.00000E+00 0.00000E+00 3.22806E+05 7.45122E+05
1.83111E-01 7.92592E+05 7.88032E+05 0.00000E+00 0.00000E+00 3.19805E+05 7.40760E+05
1.83991E-01 7.88001E+05 7.83508E+05 0.00000E+00 0.00000E+00 3.16804E+05 7.36351E+05
1.84872E-01 7.83355E+05 7.78920E+05 0.00000E+00 0.00000E+00 3.13799E+05 7.31891E+05
1.85752E-01 7.78650E+05 7.74267E+05 0.00000E+00 0.00000E+00 3.10790E+05 7.27377E+05
1.86633E-01 7.73884E+05 7.69547E+05 0.00000E+00 0.00000E+00 3.07777E+05 7.22808E+05
1.87514E-01 7.69058E+05 7.64758E+05 0.00000E+00 0.00000E+00 3.04759E+05 7.18183E+05
1.88394E-01 7.64172E+05 7.59902E+05 0.00000E+00 0.00000E+00 3.01736E+05 7.13503E+05
1.89275E-01 7.59228E+05 7.54981E+05 0.00000E+00 0.00000E+00 2.98711E+05 7.08769E+05
1.90155E-01 7.54226E+05 7.49997E+05 0.00000E+00 0.00000E+00 2.95682E+05 7.03984E+05
1.91036E-01 7.49170E+05 7.44952E+05 0.00000E+00 0.00000E+00 2.92652E+05 6.99149E+05
1.91917E-01 7.44064E+05 7.39851E+05 0.00000E+00 0.00000E+00 2.89622E+05 6.94268E+05
1.92797E-01 7.38911E+05 7.34697E+05 0.00000E+00 0.00000E+00 2.86593E+05 6.89345E+05
1.93678E-01 7.33717E+05 7.29497E+05 0.00000E+00 0.00000E+00 2.83567E+05 6.84384E+05
1.94558E-01 7.28488E+05 7.24258E+05 0.00000E+00 0.00000E+00 2.80548E+05 6.79393E+05
1.95439E-01 7.23230E+05 7.18986E+05 0.00000E+00 0.00000E+00 2.77537E+05 6.74376E+05
1.96319E-01 7.17951E+05 7.13688E+05 0.00000E+00 0.00000E+00 2.74537E+05 6.69341E+05
1.97200E-01 7.12656E+05 7.08373E+05 0.00000E+00 0.00000E+00 2.71551E+05 6.64293E+05
1.98081E-01 7.07354E+05 7.03046E+05 0.00000E+00 0.00000E+00 2.68582E+05 6.59239E+05
1.98961E-01 7.02051E+05 6.97717E+05 0.00000E+00 0.00000E+00 2.65631E+05 6.54187E+05
1.99842E-01 6.96754E+05 6.92393E+05 0.00000E+00 0.00000E+00 2.62702E+05 6.49143E+05
2.00722E-01 6.91474E+05 6.87084E+05 0.00000E+00 0.00000E+00 2.59797E+05 6.44115E+05
2.01603E-01 6.86216E+05 6.81796E+05 0.00000E+00 0.00000E+00 2.56920E+05 6.39110E+05
2.02483E-01 6.80989E+05 6.76540E+05 0.00000E+00 0.00000E+00 2.54074E+05 6.34136E+05
2.03364E-01 6.75800E+05 6.71321E+05 0.00000E+00 0.00000E+00 2.51259E+05 6.29200E+05
2.04245E-01 6.70656E+05 6.66149E+05 0.00000E+00 0.00000E+00 2.48480E+05 6.24308E+05
2.05125E-01 6.65565E+05 6.61030E+05 0.00000E+00 0.00000E+00 2.45738E+05 6.19466E+05
2.06006E-01 6.60533E+05 6.55973E+05 0.00000E+00 0.00000E+00 2.43036E+05 6.14683E+05
2.06886E-01 6.55568E+05 6.50984E+05 0.00000E+00 0.00000E+00 2.40375E+05 6.09964E+05
2.07767E-01 6.50675E+05 6.46069E+05 0.00000E+00 0.00000E+00 2.37759E+05 6.05314E+05
2.10501E-01 6.36002E+05 6.31349E+05 0.00000E+00 0.00000E+00 2.29929E+05 5.91374E+05
2.13270E-01 6.22036E+05 6.17367E+05 0.00000E+00 0.00000E+00 2.22477E+05 5.78111E+05
2.16076E-01 6.08901E+05 6.04255E+05 0.00000E+00 0.00000E+00 2.15437E+05 5.65639E+05
2.18920E-01 5.96664E+05 5.92081E+05 0.00000E+00 0.00000E+00 2.08825E+05 5.54020E+05
2.21800E-01 5.85334E+05 5.80854E+05 0.00000E+00 0.00000E+00 2.02631E+05 5.43260E+05
2.24718E-01 5.74862E+05 5.70520E+05 0.00000E+00 0.00000E+00 1.96829E+05 5.33314E+05
2.27675E-01 5.65143E+05 5.60966E+05 0.00000E+00 0.00000E+00 1.91372E+05 5.24081E+05
2.30671E-01 5.56026E+05 5.52032E+05 0.00000E+00 0.00000E+00 1.86200E+05 5.15418E+05
2.33706E-01 5.47329E+05 5.43524E+05 0.00000E+00 0.00000E+00 1.81246E+05 5.07154E+05
2.36781E-01 5.38856E+05 5.35235E+05 0.00000E+00 0.00000E+00 1.76438E+05 4.99105E+05
2.39897E-01 5.30413E+05 5.26960E+05 0.00000E+00 0.00000E+00 1.71712E+05 4.91089E+05
2.43053E-01 5.21832E+05 5.18523E+05 0.00000E+00 0.00000E+00 1.67011E+05 4.82949E+05
2.46251E-01 5.12980E+05 5.09785E+05 0.00000E+00 0.00000E+00 1.62296E+05 4.74562E+05
2.49491E-01 5.03777E+05 5.00663E+05 0.00000E+00 0.00000E+00 1.57544E+05 4.65852E+05
2.52774E-01 4.94202E+05 4.91136E+05 0.00000E+00 0.00000E+00 1.52751E+05 4.56802E+05
2.56100E-01 4.84292E+05 4.81245E+05 0.00000E+00 0.00000E+00 1.47933E+05 4.47446E+05
2.59469E-01 4.74137E+05 4.71088E+05 0.00000E+00 0.00000E+00 1.43121E+05 4.37869E+05
2.62883E-01 4.63871E+05 4.60807E+05 0.00000E+00 0.00000E+00 1.38358E+05 4.28196E+05
2.66342E-01 4.53650E+05 4.50566E+05 0.00000E+00 0.00000E+00 1.33690E+05 4.18572E+05
2.69847E-01 4.43635E+05 4.40539E+05 0.00000E+00 0.00000E+00 1.29164E+05 4.09150E+05
2.73397E-01 4.33977E+05 4.30882E+05 0.00000E+00 0.00000E+00 1.24822E+05 4.00067E+05
2.76995E-01 4.24788E+05 4.21714E+05 0.00000E+00 0.00000E+00 1.20691E+05 3.91428E+05
2.80639E-01 4.16138E+05 4.13108E+05 0.00000E+00 0.00000E+00 1.16785E+05 3.83298E+05
2.84332E-01 4.08041E+05 4.05077E+05 0.00000E+00 0.00000E+00 1.13103E+05 3.75689E+05
2.88073E-01 4.00457E+05 3.97578E+05 0.00000E+00 0.00000E+00 1.09627E+05 3.68562E+05
2.91863E-01 3.93298E+05 3.90517E+05 0.00000E+00 0.00000E+00 1.06328E+05 3.61835E+05
2.95704E-01 3.86444E+05 3.83766E+05 0.00000E+00 0.00000E+00 1.03167E+05 3.55396E+05
2.99594E-01 3.79758E+05 3.77180E+05 0.00000E+00 0.00000E+00 1.00105E+05 3.49117E+05
3.03536E-01 3.73108E+05 3.70621E+05 0.00000E+00 0.00000E+00 9.71058E+04 3.42875E+05
3.07530E-01 3.66388E+05 3.63977E+05 0.00000E+00 0.00000E+00 9.41408E+04 3.36573E+05
3.11577E-01 3.59529E+05 3.57176E+05 0.00000E+00 0.00000E+00 9.11925E+04 3.30146E+05
3.15676E-01 3.52510E+05 3.50198E+05 0.00000E+00 0.00000E+00 8.82569E+04 3.23574E+05
3.19830E-01 3.45358E+05 3.43072E+05 0.00000E+00 0.00000E+00 8.53420E+04 3.16885E+05
3.24038E-01 3.38142E+05 3.35871E+05 0.00000E+00 0.00000E+00 8.24655E+04 3.10141E+05
3.28302E-01 3.30956E+05 3.28696E+05 0.00000E+00 0.00000E+00 7.96504E+04 3.03429E+05
3.32621E-01 3.23902E+05 3.21657E+05 0.00000E+00 0.00000E+00 7.69211E+04 2.96846E+05
3.36998E-01 3.17075E+05 3.14851E+05 0.00000E+00 0.00000E+00 7.42976E+04 2.90476E+05
3.41432E-01 3.10539E+05 3.08346E+05 0.00000E+00 0.00000E+00 7.17926E+04 2.84381E+05
3.45925E-01 3.04323E+05 3.02172E+05 0.00000E+00 0.00000E+00 6.94094E+04 2.78586E+05
3.50476E-01 2.98413E+05 2.96314E+05 0.00000E+00 0.00000E+00 6.71416E+04 2.73078E+05
3.55088E-01 2.92759E+05 2.90720E+05 0.00000E+00 0.00000E+00 6.49747E+04 2.67810E+05
3.59760E-01 2.87289E+05 2.85310E+05 0.00000E+00 0.00000E+00 6.28898E+04 2.62715E+05
3.64493E-01 2.81920E+05 2.79998E+05 0.00000E+00 0.00000E+00 6.08669E+04 2.57717E+05
3.69289E-01 2.76580E+05 2.74710E+05 0.00000E+00 0.00000E+00 5.88893E+04 2.52748E+05
3.74148E-01 2.71220E+05 2.69393E+05 0.00000E+00 0.00000E+00 5.69460E+04 2.47765E+05
3.79071E-01 2.65824E+05 2.64031E+05 0.00000E+00 0.00000E+00 5.50333E+04 2.42751E+05
3.84059E-01 2.60409E+05 2.58642E+05 0.00000E+00 0.00000E+00 5.31546E+04 2.37722E+05
3.89112E-01 2.55015E+05 2.53271E+05 0.00000E+00 0.00000E+00 5.13182E+04 2.32716E+05
3.94232E-01 2.49698E+05 2.47976E+05 0.00000E+00 0.00000E+00 4.95346E+04 2.27785E+05
3.99419E-01 2.44513E+05 2.42815E+05 0.00000E+00 0.00000E+00 4.78136E+04 2.22978E+05
4.04675E-01 2.39498E+05 2.37829E+05 0.00000E+00 0.00000E+00 4.61612E+04 2.18332E+05
4.09999E-01 2.34670E+05 2.33034E+05 0.00000E+00 0.00000E+00 4.45786E+04 2.13859E+05
4.15394E-01 2.30017E+05 2.28419E+05 0.00000E+00 0.00000E+00 4.30619E+04 2.09552E+05
4.20860E-01 2.25509E+05 2.23950E+05 0.00000E+00 0.00000E+00 4.16033E+04 2.05379E+05
4.26397E-01 2.21102E+05 2.19582E+05 0.00000E+00 0.00000E+00 4.01935E+04 2.01302E+05
4.32007E-01 2.16755E+05 2.15272E+05 0.00000E+00 0.00000E+00 3.88239E+04 1.97283E+05
4.37692E-01 2.12441E+05 2.10989E+05 0.00000E+00 0.00000E+00 3.74887E+04 1.93296E+05
4.43451E-01 2.08149E+05 2.06725E+05 0.00000E+00 0.00000E+00 3.61856E+04 1.89331E+05
4.49286E-01 2.03889E+05 2.02490E+05 0.00000E+00 0.00000E+00 3.49157E+04 1.85398E+05
4.55197E-01 1.99684E+05 1.98308E+05 0.00000E+00 0.00000E+00 3.36825E+04 1.81519E+05
4.61186E-01 1.95563E+05 1.94210E+05 0.00000E+00 0.00000E+00 3.24899E+04 1.77717E+05
4.67255E-01 1.91547E+05 1.90219E+05 0.00000E+00 0.00000E+00 3.13406E+04 1.74015E+05
4.73403E-01 1.87646E+05 1.86345E+05 0.00000E+00 0.00000E+00 3.02351E+04 1.70421E+05
4.79632E-01 1.83856E+05 1.82584E+05 0.00000E+00 0.00000E+00 2.91715E+04 1.66931E+05
4.85942E-01 1.80161E+05 1.78917E+05 0.00000E+00 0.00000E+00 2.81461E+04 1.63529E+05
4.92336E-01 1.76540E+05 1.75323E+05 0.00000E+00 0.00000E+00 2.71547E+04 1.60196E+05
4.98814E-01 1.72973E+05 1.71783E+05 0.00000E+00 0.00000E+00 2.61935E+04 1.56915E+05
5.05378E-01 1.69452E+05 1.68286E+05 0.00000E+00 0.00000E+00 2.52605E+04 1.53677E+05
5.12027E-01 1.65976E+05 1.64832E+05 0.00000E+00 0.00000E+00 2.43551E+04 1.50483E+05
5.18764E-01 1.62555E+05 1.61433E+05 0.00000E+00 0.00000E+00 2.34781E+04 1.47341E+05
5.25590E-01 1.59202E+05 1.58101E+05 0.00000E+00 0.00000E+00 2.26305E+04 1.44261E+05
5.32506E-01 1.55925E+05 1.54845E+05 0.00000E+00 0.00000E+00 2.18130E+04 1.41254E+05
5.39512E-01 1.52727E+05 1.51670E+05 0.00000E+00 0.00000E+00 2.10253E+04 1.38320E+05
5.46611E-01 1.49605E+05 1.48570E+05 0.00000E+00 0.00000E+00 2.02658E+04 1.35457E+05
5.53803E-01 1.46548E+05 1.45536E+05 0.00000E+00 0.00000E+00 1.95326E+04 1.32655E+05
5.61090E-01 1.43548E+05 1.42557E+05 0.00000E+00 0.00000E+00 1.88239E+04 1.29906E+05
5.68472E-01 1.40598E+05 1.39627E+05 0.00000E+00 0.00000E+00 1.81380E+04 1.27203E+05
5.75952E-01 1.37696E+05 1.36745E+05 0.00000E+00 0.00000E+00 1.74745E+04 1.24547E+05
5.83530E-01 1.34847E+05 1.33914E+05 0.00000E+00 0.00000E+00 1.68330E+04 1.21939E+05
5.91208E-01 1.32054E+05 1.31140E+05 0.00000E+00 0.00000E+00 1.62136E+04 1.19385E+05
5.98987E-01 1.29321E+05 1.28426E+05 0.00000E+00 0.00000E+00 1.56162E+04 1.16886E+05
6.06869E-01 1.26646E+05 1.25769E+05 0.00000E+00 0.00000E+00 1.50398E+04 1.14440E+05
6.14854E-01 1.24026E+05 1.23168E+05 0.00000E+00 0.00000E+00 1.44839E+04 1.12047E+05
6.22944E-01 1.21461E+05 1.20621E+05 0.00000E+00 0.00000E+00 1.39475E+04 1.09703E+05
6.70840E-01 1.07843E+05 1.07096E+05 0.00000E+00 0.00000E+00 1.12420E+04 9.72797E+04
7.22418E-01 9.56802E+04 9.50173E+04 0.00000E+00 0.00000E+00 9.03491E+03 8.62068E+04
7.77962E-01 8.48530E+04 8.42649E+04 0.00000E+00 0.00000E+00 7.24257E+03 7.63682E+04
8.37777E-01 7.52028E+04 7.46813E+04 0.00000E+00 0.00000E+00 5.79003E+03 6.76150E+04
9.02191E-01 6.66094E+04 6.61474E+04 0.00000E+00 0.00000E+00 4.61660E+03 5.98332E+04
9.71557E-01 5.89726E+04 5.85634E+04 0.00000E+00 0.00000E+00 3.67215E+03 5.29284E+04
1.04626E+00 5.21792E+04 5.18170E+04 0.00000E+00 0.00000E+00 2.91351E+03 4.67949E+04
1.12670E+00 4.61585E+04 4.58380E+04 0.00000E+00 0.00000E+00 2.30681E+03 4.13662E+04
1.21333E+00 4.07932E+04 4.05099E+04 0.00000E+00 0.00000E+00 1.82141E+03 3.65344E+04
1.30662E+00 3.60512E+04 3.58007E+04 0.00000E+00 0.00000E+00 1.43562E+03 3.22686E+04
1.40708E+00 3.18342E+04 3.16130E+04 0.00000E+00 0.00000E+00 1.12870E+03 2.84791E+04
1.51526E+00 2.81137E+04 2.79184E+04 0.00000E+00 0.00000E+00 1.07392E+03 2.51590E+04
1.63177E+00 2.48053E+04 2.46330E+04 0.00000E+00 0.00000E+00 8.46471E+02 2.21874E+04
1.75723E+00 2.18769E+04 2.17249E+04 0.00000E+00 0.00000E+00 6.65799E+02 1.95593E+04
1.89234E+00 1.92864E+04 1.91524E+04 0.00000E+00 0.00000E+00 5.22638E+02 1.72363E+04
2.03783E+00 1.69959E+04 1.68778E+04 0.00000E+00 0.00000E+00 4.09454E+02 1.51838E+04
2.19451E+00 1.49719E+04 1.48678E+04 0.00000E+00 0.00000E+00 3.20175E+02 1.33711E+04
2.36324E+00 1.31836E+04 1.30919E+04 0.00000E+00 0.00000E+00 2.49895E+02 1.17706E+04
2.54494E+00 1.16049E+04 1.15242E+04 0.00000E+00 0.00000E+00 1.94697E+02 1.03584E+04
2.74061E+00 1.02115E+04 1.01404E+04 0.00000E+00 0.00000E+00 1.51427E+02 9.11242E+03
2.95133E+00 8.98220E+03 8.91971E+03 0.00000E+00 0.00000E+00 1.17576E+02 8.01377E+03
3.17825E+00 7.89830E+03 7.84335E+03 0.00000E+00 0.00000E+00 9.11451E+01 7.04541E+03
3.42261E+00 6.94286E+03 6.89455E+03 0.00000E+00 0.00000E+00 7.05450E+01 6.19211E+03
3.68577E+00 6.10105E+03 6.05859E+03 0.00000E+00 0.00000E+00 5.45186E+01 5.44052E+03
3.96915E+00 5.35963E+03 5.32232E+03 0.00000E+00 0.00000E+00 4.20717E+01 4.77873E+03
4.27433E+00 4.70689E+03 4.67412E+03 0.00000E+00 0.00000E+00 3.24211E+01 4.19625E+03
4.60297E+00 4.13243E+03 4.10365E+03 0.00000E+00 0.00000E+00 2.49504E+01 3.68373E+03
4.95687E+00 3.62704E+03 3.60177E+03 0.00000E+00 0.00000E+00 1.91762E+01 3.23292E+03
5.33799E+00 3.18255E+03 3.16037E+03 0.00000E+00 0.00000E+00 1.47198E+01 2.83650E+03
5.74841E+00 2.79178E+03 2.77232E+03 0.00000E+00 0.00000E+00 1.12854E+01 2.48805E+03
6.19038E+00 2.44835E+03 2.43127E+03 0.00000E+00 0.00000E+00 8.64235E+00 2.18184E+03
6.66634E+00 2.14660E+03 2.13162E+03 0.00000E+00 0.00000E+00 6.61093E+00 1.91283E+03
7.17889E+00 1.88157E+03 1.86843E+03 0.00000E+00 0.00000E+00 5.05162E+00 1.67658E+03
7.73085E+00 1.64886E+03 1.63733E+03 0.00000E+00 0.00000E+00 3.85617E+00 1.46916E+03
8.32525E+00 1.44458E+03 1.43448E+03 0.00000E+00 0.00000E+00 2.94075E+00 1.28710E+03
8.96535E+00 1.26532E+03 1.25646E+03 0.00000E+00 0.00000E+00 2.24055E+00 1.12734E+03
9.65467E+00 1.10805E+03 1.10028E+03 0.00000E+00 0.00000E+00 1.70555E+00 9.87188E+02
1.03970E+01 9.70109E+02 9.63299E+02 0.00000E+00 0.00000E+00 1.29721E+00 8.64273E+02
